Error rate considering isr == 0 and pal == 1
0.53515625
0.51953125
0.51953125
0.49609375
0.53515625
0.5234375
0.5234375
0.51171875
0.5078125
0.515625
0.515625
0.51953125
0.515625
0.5
0.50390625
0.51171875
0.5078125
0.50390625
0.5078125
0.5
0.50390625
0.50390625
0.50390625
0.5
0.515625
0.515625
0.51953125
0.51953125
0.5078125
0.5234375
0.51171875
0.51171875
0.51171875
0.5078125
0.5
0.50390625
0.51171875
0.515625
0.51171875
0.5078125
0.515625
0.5078125
0.50390625
0.5078125
0.50390625
0.50390625
0.5078125
0.5
0.5
0.49609375
0.5
0.5
0.50390625
0.4921875
0.484375
0.4921875
0.4921875
0.484375
0.484375
0.50390625
0.5078125
0.5078125
0.50390625
0.5078125
0.5078125
0.5
0.51171875
0.49609375
0.5078125
0.50390625
0.5
0.5
0.50390625
0.50390625
0.5
0.50390625
0.51171875
0.5078125
0.49609375
0.4921875
0.5
0.49609375
0.50390625
0.49609375
0.50390625
0.5
0.50390625
0.49609375
0.49609375
0.50390625
0.5
0.49609375
0.5
0.50390625
0.4921875
0.50390625
0.5
0.4921875
0.49609375
0.515625
