0	0.36210274329417829753
1	0.65649179078231933993
0	0.20981865712036820715
0	0.43064095076077363311
0	0.48427034691345155482
1	0.51115861519448912986
0	0.37826303950608808346
1	0.66705730928756779008
1	0.61672789798606153511
1	0.70067562612744305195
0	0.30732433067176234687
0	0.32738894166228088567
0	0.35922193787566547574
1	0.80130393207162708968
1	0.68068096509875519740
1	0.50147759472801356484
0	0.43429987107299811155
1	0.63850363317564240440
0	0.41836313119266599347
0	0.32415873296953717775
1	0.60652035723996799987
0	0.37927916981349873993
0	0.40420179684708912315
1	0.67943679505825316234
0	0.45761110838182617044
0	0.39699576969720545838
0	0.44746205785124526511
1	0.63672673328229267842
0	0.35718662801465062007
0	0.21799802183244346154
0	0.49102156059983137482
1	0.79353346045569106426
0	0.39898757313265809099
0	0.47901307218706695723
1	0.57673425323861171599
0	0.27301886911582728956
0	0.48053418215509158262
0	0.28140542342460234115
0	0.33619654689728700747
0	0.30965974935398116186
1	0.51842553209729536068
1	0.57388306093049068490
0	0.43410030321072945458
0	0.38695232917215238722
0	0.36816665831958217403
1	0.78693931422810947662
1	0.69801466109547938288
1	0.87591530762727976001
0	0.44446184737194116554
1	0.75212384731090320411
1	0.50240159487938496063
0	0.35756975888987541090
0	0.22453254522028093243
0	0.36230496857981264736
1	0.65730159279032618347
1	0.62383349503673846126
1	0.50483376483460218331
0	0.36539950719947295044
1	0.62880359546564756901
0	0.43987951406530939602
0	0.37279958740983148990
0	0.45536136752775213665
1	0.50514512492836527446
1	0.86711329592240116160
1	0.66197762238867419171
0	0.35434773638531213980
0	0.36541955478350846009
0	0.41958203400332488853
0	0.29201177156362501108
1	0.65554121774563822722
0	0.42057368539202960589
0	0.39408442966025619691
1	0.60965253130891094990
0	0.19530271527104506313
0	0.23879372757794734006
1	0.70963127407256854084
0	0.46011380448087446648
0	0.40128328398752971529
0	0.44430709784224031722
1	0.73007824255274722525
1	0.54390995995752200454
1	0.60542838119858366497
1	0.65536549351037787225
1	0.66424420353894786384
0	0.28809138897458658191
1	0.66518953508341027714
1	0.57103827448325017446
1	0.55126444481221026361
0	0.40414837623483279572
1	0.85820103524215107793
1	0.91683052790522501230
0	0.32675870187097094677
0	0.41643406715808622964
0	0.33584880369283731660
1	0.86852802588744737466
0	0.43272296194683268489
0	0.43419748328704055318
0	0.48849614522470530265
0	0.29697360964473346057
0	0.26884623051572975605
0	0.46595914229180529498
1	0.63710521359710425848
0	0.28462365782325665942
1	0.87342589530271785847
1	0.80870035650809291017
0	0.41003488688307920818
0	0.28848482803364294824
0	0.47785965047252371152
1	0.88226185240228383044
0	0.44592022146809606742
0	0.49398238923241849507
0	0.34852172296681144248
1	0.69588627435381533726
0	0.47876903927549357975
0	0.39115922728781765683
0	0.39568484276278098610
0	0.43578211649404297034
1	0.77726516744318363550
0	0.49211066782136064779
0	0.21855149875383314551
0	0.33978070748174821203
0	0.36918152573214146894
0	0.39972783906037773205
0	0.37331275490506765635
1	0.79085942868215863832
0	0.48827632146415528291
1	0.71399648946023230867
1	0.58997226778223854637
0	0.30583277135452568984
1	0.75889131997298064913
0	0.47390662296040148016
1	0.68407505602608686957
1	0.65854936392801888267
1	0.71866686232331222772
0	0.21234127732651564280
0	0.43132718260867886073
1	0.60025620701977522309
0	0.32978885247640044032
1	0.95150343053675257021
0	0.40971297528455824510
1	0.66105199127706593121
0	0.47692831116721506879
1	0.53625046473820003889
0	0.44277123736535217713
0	0.43729801204033436068
1	0.79548752033278746776
0	0.44652324453113440006
0	0.33058853017632711113
0	0.33240358861935048740
1	0.61213275672509803726
1	0.50069292902138928802
0	0.32270897991486130474
1	0.85385126666399335793
0	0.48421439737904775624
1	0.67881765384811476594
0	0.31046745264101466288
1	0.72995819830227748337
1	0.57329122558634870721
1	0.55397770650342847976
0	0.43947508517845329523
0	0.15410245702885783103
0	0.25585854274244052009
1	0.59202457300036182009
0	0.27727255263449712697
0	0.28667549540061465496
1	0.71815015297674356098
0	0.26943535800962220561
0	0.30773760915234754654
0	0.34704299139943800556
0	0.46373304791204811304
1	0.73789121987282713100
0	0.45977351765663637684
1	0.54944895007935068421
1	0.52748327793685156895
0	0.36929549321944221685
1	0.70540283757247168595
0	0.38126027056730898979
1	0.82923538530377705058
1	0.78904738626028270154
1	0.82774775023730107204
0	0.40903082155148551280
1	0.59567003995886724788
1	0.66671473910725775891
1	0.61023945122211775693
0	0.23402607876783138030
1	0.70819738788931763107
0	0.37799745811751661595
0	0.29517326054147047243
1	0.55733048571941590232
1	0.66733785193991990159
0	0.22878866652316942609
1	0.71476560435445879449
1	0.78126878392240428628
0	0.49778463761469693427
0	0.25267740636680269262
0	0.33958726912090458905
0	0.27141976187897565165
1	0.55430374289963491030
0	0.42114059642062645628
0	0.20391282556112474977
1	0.51855544438837819499
0	0.43303009724209690079
0	0.44580270565909774216
1	0.67879881684371290440
0	0.30426803121095463700
0	0.35022022974229227721
0	0.35527580649286072401
1	0.60449886523681906070
1	0.59743237709287533299
1	0.60029393710781420168
0	0.33702877559080801628
1	0.65475248029927535232
0	0.40804981100024911855
0	0.41843463296036365051
0	0.46348325966084896743
1	0.56496292667562297840
0	0.39161191161529262939
1	0.74483401742865706918
1	0.61006734955776231732
1	0.65181835776249885672
1	0.86381712809315136514
1	0.64162535386498187329
1	0.62673436493958867288
0	0.25336266225566228538
0	0.45964140986196300176
0	0.35013283336505318655
1	0.75571392676679116640
1	0.59051465763445265544
1	0.70584292087225597445
1	0.68053897810671504232
1	0.73212037851626676765
1	0.77745606571238434768
1	0.74340268804970077721
1	0.54449092443727231672
1	0.58277815986893211075
0	0.42504525948776272770
0	0.32610113823013370249
1	0.70385615957483960159
1	0.87109653549323917687
0	0.49450541747857190700
1	0.58326447987346985435
1	0.71208047845356958749
0	0.35011480039037506939
0	0.41599562695453740080
0	0.47545668371588606371
0	0.24992824332299762302
1	0.67904295078890164472
0	0.33726178170430082259
0	0.34768280474606982899
0	0.45381848810344160849
1	0.58669378395248505953
0	0.36584114325810579427
0	0.46047617395738454915
0	0.29805691865268574281
0	0.40899903533812059786
1	0.60827679518777133527
1	0.60952511194684666496
1	0.68167006094523030502
0	0.44467761288423235388
0	0.48014400369668563950
0	0.29402349760654200583
0	0.42349573066986712089
0	0.36483500127480872344
0	0.33621827777747337329
0	0.39865308809442051574
0	0.24710383783215503217
0	0.17198755978908780717
0	0.42583860573785708992
1	0.68880431025204469364
1	0.65193204746198951671
0	0.47620423343210743772
1	0.64872256466487898674
1	0.58020528949488681114
1	0.70886497526842395800
0	0.44433085213815848302
0	0.42327595658556105285
0	0.27070379030770669315
1	0.56454820563194252347
0	0.28381168609984686046
0	0.46405904511181300665
0	0.37703258444198578525
0	0.39356812352470760263
1	0.65940196681904283960
0	0.21227186268127476443
0	0.44825441572543589519
0	0.41757558018677332079
1	0.50362017593664298865
0	0.45835373393789169416
0	0.46774683759377677639
0	0.44082409045736242748
1	0.77078564247379532937
1	0.84286222066367688655
1	0.66067578264871307248
0	0.28121607650482721708
0	0.38664419970082475331
0	0.45934911941200645691
0	0.48382580149900333844
1	0.57206699667222971062
1	0.75448505248860564532
0	0.21261859177521374997
1	0.61853720189691874243
0	0.45034773824540658138
0	0.33025630629745678091
0	0.35245629985097554071
1	0.77119514828937185680
1	0.55901882381202905314
0	0.47690756377143389555
1	0.58524655752514742613
0	0.33391406828013558972
0	0.47770221194249345986
0	0.46800663329610520114
0	0.42155610994264502978
1	0.57062648906768076440
0	0.34844912500775376829
1	0.53195220265454457031
0	0.28779905154637880349
0	0.17845824164955995106
0	0.31820598228715296640
1	0.51621546513457561289
0	0.29255406998352073700
1	0.59572553114969162280
0	0.49115182912793109438
0	0.39001840673986148955
0	0.37381731002190565771
0	0.32431962695624172444
0	0.45900320853220061279
0	0.44304789964865953777
0	0.27117452093450999939
0	0.38811702786363544426
0	0.43524067204653960061
0	0.21730521191198257092
0	0.29546042652292558994
0	0.33422850556206695760
0	0.26557610533591086144
1	0.50109673693990874899
0	0.42975231391662116476
1	0.57808926578123331907
0	0.30294737549985123470
0	0.31991409347205634894
0	0.39744947906642480451
0	0.22843986390741533032
0	0.40061234194867123559
0	0.14866243098694809088
0	0.38811586616417359519
0	0.44039886444120712738
1	0.61811675745584249153
0	0.49468247305541546144
0	0.34455920448784682630
0	0.44403709505955951675
0	0.28858526471411344305
1	0.59105130199754407627
0	0.27180240437632130490
0	0.34331320476287474630
0	0.24805178862608001644
0	0.40577592762291758710
0	0.46649944328086145884
0	0.39174968490532263710
0	0.26909875660451026969
0	0.21276568940497742055
0	0.38346577667140824275
0	0.37149701638221710454
0	0.26734971132866069965
0	0.41710033189095135908
0	0.26186380413360088593
0	0.34859998845912387733
0	0.34602191119073161252
0	0.46956944287889357259
0	0.31547940484149183948
0	0.45888864116393307535
0	0.45366277892677187022
1	0.51992036178374179123
0	0.37449187028592262338
1	0.64639140408504813795
0	0.43756027481931480949
0	0.36074483051416028623
0	0.41780444829740887025
1	0.55476064897148102961
0	0.40512627474228973812
0	0.39527280122816660368
0	0.48451479107248635048
0	0.25235087988737359144
0	0.46000159413411428888
0	0.36651030030659476067
0	0.40582268615310040927
0	0.39339280149426592015
1	0.70983074971447612800
0	0.47840507520298536370
0	0.31354101268690487414
0	0.33623925253472169983
0	0.45445919631173775644
0	0.47898594486316947716
1	0.52483594514323328450
0	0.35163829120659895189
0	0.43264638422616419344
1	0.50931007491225044337
0	0.45980459352074093404
1	0.53010913847965268619
0	0.25715330329126007136
0	0.21269133602022213814
1	0.58343557658218436757
1	0.63083308071444432752
0	0.42093240588572261585
0	0.46107434134471969589
0	0.34235399505742625248
0	0.32648879824099968916
0	0.32052299329130129468
1	0.59883551193556050496
1	0.50081092821184625130
0	0.32136985830335307313
0	0.38794028055771212493
0	0.35309603915696502474
0	0.48400789853247105921
0	0.28104780033856996413
1	0.66159234055992810486
0	0.42560045507787913621
0	0.39168603015850245175
0	0.35798371452210331345
0	0.40002747214316813906
0	0.48584505170481961933
0	0.35081497358507068851
0	0.47666987227434298724
0	0.41354252285549875090
0	0.35303986007006016301
1	0.60888579891736749339
0	0.44138574861443335973
0	0.43033853369185998128
0	0.48547412904881870332
0	0.29304981800800222747
1	0.70081460239793014200
0	0.44268264369410675885
0	0.43388908197808045974
0	0.38269474030385158825
0	0.33843416484872063110
1	0.52030654340910786892
0	0.34298775026675182298
1	0.73126234473579587725
0	0.36768965942413450732
1	0.60281008251654821795
0	0.37628972965005202944
1	0.55113978013559994373
1	0.54389952289714915690
0	0.48945492376138360902
0	0.43879522418064931255
0	0.30535606552384486623
1	0.64568881565779245868
0	0.39011094726314288206
1	0.57681905199259264627
0	0.49114718421179259789
0	0.48669390533930889653
0	0.29642694475060893389
0	0.33266637329186804495
1	0.52073148859684015299
0	0.47480668556654970214
0	0.48636081732605918049
0	0.31066640614414797739
1	0.77234826251308841272
0	0.33729758416387561892
0	0.22497469918160512004
0	0.40632038845075330036
1	0.51845394879777639829
1	0.66501281663958888846
0	0.45134735714320173283
0	0.29552063425450569856
0	0.37067762212957838797
0	0.31052567263206337644
0	0.24220012997724640891
1	0.62732839816824503831
0	0.25234829728268654003
1	0.58570317664379278888
1	0.50427780197087768155
0	0.38346336047640855460
1	0.66826590752215997426
0	0.49458013824161162209
1	0.61469471660346697295
0	0.34172443779504724226
0	0.34137655655865772886
0	0.46815487837096197987
0	0.34580393412697418842
1	0.61478591776028368443
0	0.39941770576679325178
1	0.58505671500384315298
0	0.48611885940539045770
0	0.36482986448866422391
0	0.24831859197158104302
1	0.86756864016747226032
0	0.42287877517034522246
0	0.43269395198830173932
1	0.59165475288863000891
0	0.37775392790570860857
0	0.41285258701647775670
0	0.46811095875239056019
0	0.39685436910644711350
0	0.28105232590998779907
0	0.48166076242195010604
0	0.24092170646559593616
0	0.41660147265726615862
0	0.34746398411003570628
0	0.25508935601147197936
1	0.52089497475433133022
1	0.70231335171442077492
0	0.38422624333765909022
0	0.44253814807293023748
0	0.45862553570017250415
0	0.38652481341494504541
1	0.53216639618646555121
1	0.54221009175292567139
0	0.41082697529391504210
0	0.35535862900321846247
0	0.47801503844052584125
0	0.34542488524868281141
1	0.56331334984036263158
1	0.58038484835101999959
1	0.55157865031430330927
0	0.39605802090610681132
0	0.31861748131893019576
1	0.52681670784263479046
0	0.36907540343368644420
0	0.36822989593869631664
0	0.36098808354158828937
0	0.30678734154433934256
0	0.34095460101676855480
0	0.49234982316798003854
1	0.65342904237310450721
1	0.79166977862421972212
0	0.49193542862331229859
1	0.78660728109908173433
1	0.63010895701581570716
0	0.37445618566741201150
1	0.68251623217842793956
1	0.59136458326691243581
0	0.44667101324395552808
0	0.42426214464762490586
1	0.52083153803433357432
0	0.36865571131408386707
0	0.34163519139227138677
1	0.50724431273834547085
1	0.50109471427342355820
0	0.44092863345501331906
0	0.37717177558418124583
1	0.53670204632980167414
1	0.63377799163679815475
1	0.56615028808524425763
0	0.41504795235570979273
1	0.56860084411147104877
1	0.53035036248445044382
1	0.61679424739910471143
0	0.21099816219375153170
1	0.50970235743522673832
1	0.59412634113190976315
0	0.42976582416811681675
0	0.31744629805880469897
0	0.37549314152027024605
0	0.40851517289167871283
1	0.52155542307953461911
0	0.31182084143355337513
0	0.44724745037125973601
0	0.24460447829383477614
0	0.31910710501143940698
1	0.55745127405454297786
0	0.47891349118221537839
0	0.29023892557987890362
0	0.22887519527148961207
0	0.25916345319422534610
0	0.36051175689742265273
0	0.28271509376095510513
1	0.64697766338457596280
1	0.50346457402537270198
0	0.49153757801237779601
0	0.42628317751510091949
0	0.29809143449189018371
0	0.43463718158593828145
0	0.30679966473632175328
0	0.41771862257462671897
0	0.19992563845700575542
0	0.39375367697726609828
0	0.35007103910796422142
1	0.62785180427081610510
1	0.50863096674068253300
0	0.32708733554443369940
0	0.43620297405522728829
0	0.33193293605412466096
0	0.42496413489857953749
0	0.26867326497539262276
1	0.57302553262666922063
0	0.39112084688734827242
0	0.30140219282248043031
0	0.45000107293785934770
0	0.40113829624973162957
0	0.24110099727210576592
0	0.35688498610418734058
0	0.35945544509124066623
1	0.57526885346422218515
0	0.36615992402565655794
0	0.24673424320711309643
